Melhor acurácia: 0.926    (Arquivo: features50.txt)
Melhor Matriz de confusão:
 [ 96   0   0   0   0   1   0   0   0   0]
 [  0  95   0   0   0   0   0   0   0   0]
 [  1   5 100   0   1   0   1   3   0   0]
 [  0   1   0 101   0   1   0   0   0   0]
 [  0  10   2   0  82   0   0   0   0   1]
 [  1   0   0   6   0  89   0   0   1   0]
 [  0   6   0   0   0   0 100   0   0   0]
 [  1   5   0   0   0   0   0  88   0   3]
 [  0   5   0   3   0   1   0   2  75   1]
 [  0   1   0   0   3   0   0   7   1 100]

Pior acurácia: 0.791    (Arquivo: features5.txt)
Pior Matriz de confusão:
 [91  2  0  1  0  1  0  0  2  0]
 [ 0 91  0  0  0  0  1  1  2  0]
 [ 4 11 74  9  0  3  1  3  4  2]
 [ 2  0  1 92  0  4  1  1  1  1]
 [ 1  9  1  0 79  1  0  1  0  3]
 [ 4  4  0 13  0 72  2  0  2  0]
 [ 1  3  0  0  2  3 96  0  1  0]
 [ 1  6  0  1  3  1  0 74  0 11]
 [ 0  6  1  7  2  9  0  9 52  1]
 [ 0  4  1  1  5  0  0 31  0 70]
